start=851.283333
speed=1.500000
